0 0
1 1
2 2
3 3
4 4
5 5
6 6
7 7
8 8
9 9
90 10
91 11
92 12
93 13
94 14
95 15
96 16
97 17
98 18
99 19
990 20
991 21
992 22
993 23
994 24
995 25
996 26
997 27
998 28
999 29
9990 30
9991 31
9992 32
9993 33
9994 34
9995 35
9996 36
9997 37
9998 38
9999 39
99990 40
99991 41
99992 42
99993 43
99994 44
99995 45
99996 46
99997 47
99998 48
99999 49
999990 50
999991 51
999992 52
999993 53
999994 54
999995 55
999996 56
999997 57
999998 58
999999 59
9999990 60
9999991 61
9999992 62
9999993 63
9999994 64
9999995 65
9999996 66
9999997 67
9999998 68
9999999 69
99999990 70
99999991 71
99999992 72
99999993 73
99999994 74
99999995 75
99999996 76
99999997 77
99999998 78
99999999 79
999999990 80
999999991 81
999999992 82
999999993 83
999999994 84
999999995 85
999999996 86
999999997 87
999999998 88
999999999 89
9999999990 90
9999999991 91
9999999992 92
9999999993 93
9999999994 94
9999999995 95
9999999996 96
9999999997 97
9999999998 98
9999999999 99
